10 17 12 8 10 14
scalene obtuse
3 20 1 0 4 0
scalene acute
1 0 0 10 0 0
scalene right
10 8 5 6 15 6
isosceles obtuse
1 1 1 0 0 0
isosceles right
3 20 2 0 4 0
isosceles acute
0 1 3 2 3 0
isosceles acute
0 2 3 1 0 0
isosceles acute
0 0 1 3 2 0
isosceles acute
0 3 1 0 2 3
isosceles acute
0 0 0 0 0 0
not a triangle
0 1 0 2 0 3
not a triangle
1 2 3 4 5 6
not a triangle
6 5 4 3 2 1
not a triangle
864494068 1686991104 1713891740 1345433444 140622986 1504404192
scalene obtuse
1485138766 1711524743 349578157 124816242 917176668 918426737
scalene obtuse
1155910158 574459243 913927295 315741393 1594238596 1043654144
scalene obtuse
1 2147483647 0 2147483647 0 0
scalene right
0 0 2147483647 0 1073741823 2147483647
scalene acute
0 0 2147483647 1073741823 1073741823 2147483647
isosceles acute
0 0 0 2147483647 2147483647 0
isosceles right
0 0 2147483646 2147483647 2147483647 2147483646
isosceles acute
0 0 1073741823 1073741823 2147483646 2147483646
not a triangle
0 0 1073741822 1073741824 2147483645 2147483647
scalene obtuse
0 0 1073741822 1073741824 2147483646 2147483646
isosceles obtuse
1 0 0 2147483647 2147483647 1
scalene acute
1 0 0 2147483646 2147483647 1
isosceles right
475284311 818819239 475309232 818817024 475301376 818839552
scalene acute
1915194368 536870912 268435456 67108864 315917281 1913197089
scalene acute
2134871519 1082095856 126605471 0 0 2147336062
scalene acute
